     0/499    0.552G   0.07097   0.02293   0.01668    0.1106       156       640    0.1211    0.3628   0.09734   0.02894   0.08204    0.0228   0.01789
     1/499     2.44G   0.05825   0.02144   0.01557   0.09526       158       640    0.3586    0.5486    0.3495    0.1581   0.07389     0.021   0.01656
     2/499     2.94G   0.05139   0.02121    0.0152    0.0878       158       640    0.4142    0.6411    0.4275    0.1947   0.07268   0.01942   0.01596
     3/499     2.94G   0.04705   0.02108   0.01525   0.08338       189       640    0.3978    0.5159     0.342    0.1764   0.06698   0.02088   0.01565
     4/499     2.94G   0.04423   0.02098   0.01525   0.08045       195       640    0.4378    0.6633    0.4503    0.2936   0.05758    0.0193   0.01548
     5/499     2.94G    0.0435   0.02104   0.01509   0.07963       130       640    0.4632    0.7264    0.4889    0.3196   0.05554   0.01846   0.01526
     6/499     2.94G   0.04237   0.02038   0.01474   0.07749       167       640    0.4673    0.7151    0.5062     0.322   0.05698   0.01734   0.01479
     7/499     2.94G   0.04199   0.02049   0.01437   0.07684       127       640    0.4923    0.6841    0.5433    0.3579   0.05852   0.01808   0.01502
     8/499     2.94G   0.04159   0.02049   0.01391   0.07599       102       640    0.5695    0.6111    0.5626    0.3634   0.05709   0.01802   0.01545
     9/499     2.94G   0.03949   0.02032    0.0138   0.07361       135       640    0.5686    0.6421    0.5704    0.4054   0.05804   0.01846   0.01602
    10/499     2.94G   0.03991   0.02065   0.01326   0.07382        95       640    0.5069    0.6971    0.5767    0.4128   0.05362   0.01824   0.01663
    11/499     2.94G   0.03832   0.02078   0.01285   0.07195       112       640    0.5594    0.6989    0.6278    0.4408   0.05291   0.01831   0.01643
    12/499     2.94G   0.03748   0.01995   0.01285   0.07028       132       640    0.6027    0.6529    0.6411    0.4445   0.05173   0.01813   0.01704
    13/499     2.94G   0.03636   0.02011   0.01253     0.069       127       640    0.5777    0.6896    0.6352    0.4632   0.06783   0.01742   0.01645
    14/499     2.94G   0.03638   0.02004    0.0123   0.06872       130       640    0.5079    0.5595    0.5079     0.358   0.06793   0.01899   0.01762
    15/499     2.94G   0.03607   0.02024    0.0123    0.0686       111       640    0.5443      0.65    0.5804    0.4078    0.0667   0.01918    0.0163
    16/499     2.94G   0.03507   0.02004   0.01207   0.06718       115       640    0.5718     0.647    0.6315    0.4568    0.0627   0.01727   0.01675
    17/499     2.94G     0.035   0.01918   0.01183   0.06601       116       640    0.5931    0.6121    0.6306    0.4583   0.04637   0.01859   0.01595
    18/499     2.94G   0.03511   0.01965   0.01181   0.06657       137       640    0.6004    0.7182    0.6847    0.5034   0.04535   0.01806   0.01535
    19/499     2.94G   0.03439   0.01967   0.01113   0.06519       124       640    0.5974    0.6912    0.6615    0.4846   0.04533   0.01755   0.01622
    20/499     2.94G   0.03443   0.01996   0.01122   0.06561       102       640    0.5683    0.7558    0.6848     0.489    0.0448   0.01727   0.01549
    21/499     2.94G    0.0342   0.01967   0.01112   0.06499       112       640     0.559    0.6478    0.5985    0.4498    0.0478   0.01849   0.02608
    22/499     2.94G   0.03482    0.0196   0.01086   0.06528       132       640    0.5611    0.7224    0.6607    0.4885   0.04265   0.01718   0.03464
    23/499     2.94G   0.03462   0.01987   0.01048   0.06496       181       640    0.6301    0.6862    0.6908    0.5208   0.04193   0.01754   0.03776
    24/499     2.94G   0.03407   0.02002  0.009901   0.06399       151       640    0.6564    0.6464    0.6529    0.4808   0.04274   0.01718   0.03515
    25/499     2.94G     0.034   0.01958   0.00949   0.06306       180       640    0.6199    0.7063    0.6759    0.4974   0.04078   0.01663   0.03358
    26/499     2.94G   0.03304   0.01949  0.009464   0.06199       111       640    0.5635    0.7978    0.6698    0.4934   0.04036   0.01703   0.03328
    27/499     2.94G   0.03334   0.01884  0.009408   0.06159       122       640    0.6309    0.7049    0.6781     0.514   0.04123    0.0168   0.02826
    28/499     2.94G   0.03309   0.01961  0.009258   0.06196       140       640    0.6642    0.6949     0.712    0.5286   0.04034   0.01644   0.02662
    29/499     2.94G   0.03288   0.01902  0.009519   0.06142       121       640    0.6448    0.7427    0.7163    0.5529   0.04269   0.01605   0.02604
    30/499     2.94G   0.03369   0.01987  0.009434   0.06299       188       640    0.5534    0.7336    0.6518    0.4836   0.04174   0.01713   0.02594
    31/499     2.94G   0.03575   0.01988  0.009926   0.06556       127       640    0.6341    0.6718    0.6562    0.4912   0.04287   0.01813   0.02495
    32/499     2.94G   0.03346    0.0192  0.009874   0.06253       137       640    0.6447    0.7112    0.7014    0.5252   0.04287   0.01696   0.02369
    33/499     2.94G   0.03383   0.01931  0.009749   0.06289       115       640    0.6315    0.7184     0.697    0.5258   0.05745   0.01643   0.02602
    34/499     2.94G    0.0345   0.01965  0.009263   0.06341       133       640    0.6694    0.6881    0.7194     0.548   0.05996   0.01656   0.02324
    35/499     2.94G   0.03302   0.01876  0.008836   0.06062        87       640    0.5891    0.7006    0.6492    0.4915   0.06192    0.0171   0.02281
    36/499     2.94G   0.03344   0.01943  0.009471   0.06234       129       640    0.6656    0.6644    0.6758    0.5084   0.05032   0.01685   0.02062
    37/499     2.94G   0.03254   0.01913  0.009507   0.06118        81       640    0.6483    0.7128    0.7093    0.5387   0.04048   0.01672   0.02345
    38/499     2.94G   0.03247   0.01898  0.009201   0.06065        71       640     0.635    0.7508    0.7263     0.558   0.03995   0.01668   0.02059
    39/499     2.94G   0.03246   0.01891  0.009088   0.06046       140       640    0.6689    0.7219    0.7304    0.5678   0.03976   0.01674    0.0205
    40/499     2.94G   0.03166    0.0187  0.009124   0.05948       122       640    0.6649    0.6748    0.6964    0.5428   0.04088    0.0182   0.02057
    41/499     2.94G    0.0314   0.01879  0.008887   0.05907       162       640    0.6035    0.7742    0.7092    0.5509    0.0404   0.01656   0.02106
    42/499     2.94G   0.03197   0.01878  0.008885   0.05964       137       640    0.6274    0.7143      0.69    0.5209   0.04535   0.01847   0.02029
    43/499     2.94G    0.0317   0.01832  0.008554   0.05858       107       640    0.7425    0.6499    0.7228    0.5661    0.0406   0.01727   0.02054
    44/499     2.94G   0.03278   0.01807  0.008559    0.0594       164       640    0.7114    0.7112    0.7364    0.5702   0.04006   0.01736   0.02185
    45/499     2.94G   0.03271   0.01923  0.008995   0.06093       132       640    0.6834    0.6419    0.6822    0.5238   0.04612   0.01752   0.02073
    46/499     2.94G   0.03276   0.01867  0.008829   0.06026       142       640    0.6909    0.6859     0.707    0.5331    0.0526   0.01681   0.02187
    47/499     2.94G   0.03177   0.01879  0.008822   0.05938        85       640    0.6139    0.7294    0.7079    0.5467   0.05085   0.01653   0.02163
    48/499     2.94G   0.03172   0.01816  0.008638   0.05852       146       640    0.6618    0.6899    0.7064    0.5405   0.04758   0.01724   0.02114
    49/499     2.94G   0.03193   0.01814  0.008563   0.05863       173       640    0.6865    0.7293    0.7397     0.565   0.04153   0.01623   0.02072
    50/499     2.94G   0.03188    0.0184  0.008869   0.05914       144       640    0.6649    0.6354    0.6641    0.5138   0.04035   0.01729   0.02146
    51/499     2.94G   0.03137   0.01822  0.008861   0.05844       129       640    0.7153    0.6874    0.7453    0.5817   0.03991   0.01715   0.02067
    52/499     2.94G   0.03158   0.01806  0.008612   0.05826       145       640    0.7315    0.7044    0.7529    0.5899   0.03967   0.01616   0.02075
    53/499     2.94G   0.03193   0.01881  0.008422   0.05916       162       640    0.7002    0.6966    0.7375    0.5586   0.04096   0.01673   0.01973
    54/499     2.94G   0.03067   0.01734  0.008468   0.05647        79       640    0.6671    0.7552    0.7362    0.5774   0.03967   0.01623   0.02031
    55/499     2.94G    0.0313   0.01803  0.008431   0.05777       175       640    0.6502    0.7133    0.7256    0.5686   0.04109    0.0164   0.02089
    56/499     2.94G   0.03154   0.01794  0.008468   0.05795       130       640    0.7586    0.6903    0.7552    0.5732   0.04077   0.01703   0.01922
    57/499     2.94G   0.03046    0.0182  0.008409   0.05707       160       640    0.7236    0.7062    0.7608    0.5953   0.03694   0.01634   0.02004
    58/499     2.94G    0.0323   0.01731  0.008609   0.05822       148       640    0.6897    0.7491    0.7537    0.5878   0.03697   0.01631   0.02154
    59/499     2.94G   0.03106   0.01812  0.008187   0.05737       199       640    0.7607    0.6915    0.7749    0.6039   0.03949   0.01596   0.02008
    60/499     2.94G   0.03132   0.01745  0.007989   0.05676       136       640    0.6763    0.7362    0.7513     0.583    0.0411   0.01595   0.02124
    61/499     2.94G   0.03151   0.01771  0.008417   0.05764       111       640    0.7181    0.7033    0.7372    0.5686    0.0441   0.01692   0.02158
    62/499     2.94G   0.03144   0.01744  0.008288   0.05717       153       640    0.7629    0.6712    0.7423    0.5855   0.04275   0.01649   0.01934
    63/499     2.94G    0.0301   0.01721  0.008162   0.05547       151       640    0.7008    0.7365    0.7443    0.5796   0.04181   0.01662   0.01989
    64/499     2.94G   0.03073    0.0173  0.008286   0.05631       174       640    0.6742     0.761    0.7491    0.5771   0.04235   0.01658   0.02165
    65/499     2.94G   0.03059   0.01789  0.008518     0.057       104       640    0.6851    0.6948     0.724    0.5555   0.04963   0.01661   0.02122
    66/499     2.94G   0.03079   0.01755  0.008218   0.05656       108       640       0.7    0.7548    0.7684    0.5953   0.04255   0.01653   0.02153
    67/499     2.94G   0.03075   0.01734  0.008178   0.05627       154       640    0.7123    0.7023    0.7492    0.5942   0.04193   0.01703   0.01939
    68/499     2.94G   0.03081   0.01796  0.008115   0.05688       166       640    0.6821    0.7406    0.7376    0.5827   0.04054   0.01728   0.02172
    69/499     2.94G   0.03046   0.01735  0.007679   0.05549       159       640    0.7423    0.7231    0.7637       0.6   0.03994   0.01693    0.0202
    70/499     2.94G   0.03044   0.01725  0.007838   0.05552       126       640    0.6748    0.7198    0.7263    0.5554    0.0424    0.0165   0.02188
    71/499     2.94G   0.03045   0.01762  0.007942   0.05601       206       640    0.6968    0.7614    0.7555    0.5908    0.0415   0.01702   0.02134
    72/499     2.94G   0.02927   0.01717  0.007997   0.05444       118       640    0.6845    0.7093    0.7309     0.569   0.04359    0.0173   0.02151
    73/499     2.94G    0.0294   0.01763  0.007943   0.05498       189       640    0.7133    0.6936    0.7456    0.5925    0.0447   0.01677   0.02163
    74/499     2.94G   0.02887   0.01709  0.007797   0.05375       117       640    0.7055    0.7057    0.7392    0.5893   0.04217   0.01646   0.02104
    75/499     2.94G    0.0293   0.01705  0.007839   0.05418       145       640    0.6579    0.7255     0.733    0.5773   0.04208   0.01695   0.02076
    76/499     2.94G    0.0299   0.01705  0.007925   0.05488       129       640    0.6674    0.7919    0.7706    0.6058   0.04062    0.0161   0.02296
    77/499     2.94G   0.03065   0.01775  0.008104    0.0565       207       640    0.6864    0.7186    0.7358    0.5578   0.04094   0.01741   0.02194
    78/499     2.94G   0.03032   0.01693  0.008092   0.05534       173       640    0.6471    0.6782    0.6889     0.527   0.04219   0.01883   0.02078
    79/499     2.94G   0.03041   0.01743  0.008107   0.05595       151       640    0.7044    0.7419    0.7372    0.5821   0.04041    0.0172   0.02201
    80/499     2.94G   0.02982   0.01697  0.007786   0.05457       140       640    0.7515    0.6782    0.7534    0.5912   0.03793   0.01695   0.02423
    81/499     2.94G   0.02959   0.01723  0.008087   0.05491       120       640    0.7959    0.7203    0.7897    0.6202   0.04177   0.01679   0.02158
    82/499     2.94G   0.03023   0.01674  0.007903   0.05487       102       640     0.759     0.672    0.7382    0.5648    0.0408   0.01744   0.02132
    83/499     2.94G    0.0301   0.01731  0.007853   0.05526       115       640     0.677    0.7892    0.7825    0.6101   0.03878   0.01707   0.02228
    84/499     2.94G   0.03057   0.01709  0.007897   0.05556       141       640    0.7703    0.6996    0.7783    0.6146   0.04056    0.0168   0.02178
    85/499     2.94G   0.03062   0.01736  0.007786   0.05577       141       640    0.6876    0.7534    0.7743    0.6212   0.03873   0.01709   0.02138
    86/499     2.94G   0.02997   0.01745  0.007851   0.05528       122       640    0.7705    0.7092    0.7692    0.6057   0.03461   0.01685   0.02437
    87/499     2.94G   0.03032   0.01718  0.007568   0.05507       157       640    0.7036     0.763    0.7791    0.6115   0.03779   0.01661   0.02273
    88/499     2.94G    0.0302   0.01781  0.007892   0.05591       121       640    0.7078    0.7408    0.7652    0.6126   0.03821   0.01665   0.02491
    89/499     2.94G   0.02961   0.01704  0.007696   0.05435       169       640    0.7369     0.748    0.7811    0.6158   0.03643   0.01729   0.02153
    90/499     2.94G   0.02931    0.0171  0.007953   0.05436       130       640    0.7576    0.7328    0.7812    0.6188   0.03587    0.0168   0.02116
    91/499     2.94G   0.02962   0.01694  0.007876   0.05444       101       640    0.7425    0.7167    0.7743    0.6122   0.03508   0.01671   0.02099
    92/499     2.94G   0.02914   0.01676    0.0077    0.0536       156       640    0.7559    0.7486    0.7852    0.6229    0.0341   0.01721   0.02187
    93/499     2.94G   0.02882   0.01744  0.007583   0.05384       119       640     0.695     0.738    0.7691    0.6075   0.03664   0.01642   0.02092
    94/499     2.94G   0.02896   0.01682  0.007694   0.05347       103       640     0.774    0.6823    0.7789    0.6273   0.03338   0.01664   0.02166
    95/499     2.94G   0.02875   0.01708  0.007728   0.05355        90       640    0.6706    0.7707    0.7778    0.6221   0.03407   0.01757   0.02333
    96/499     2.94G   0.02855   0.01701  0.007536   0.05309       126       640    0.7104    0.7497    0.7611    0.5971   0.03545   0.01779   0.02109
    97/499     2.94G   0.02838   0.01667  0.007279   0.05233        82       640    0.7068    0.8061    0.7955    0.6275   0.03565   0.01779   0.01994
    98/499     2.94G   0.02831   0.01667   0.00744   0.05242       142       640    0.7666    0.7071    0.7844    0.6289   0.03304   0.01692     0.022
    99/499     2.94G   0.02781    0.0166  0.007399   0.05181       125       640    0.8156    0.6978    0.7897    0.6308   0.03431   0.01824   0.02073
   100/499     2.94G   0.02807   0.01684  0.007429   0.05234       150       640    0.7285    0.7312    0.7635    0.5957   0.03631   0.01757   0.02009
   101/499     2.94G   0.02822   0.01665  0.007226    0.0521       123       640    0.7513    0.7187    0.7679    0.6108   0.03356   0.01716   0.02222
   102/499     2.94G   0.02793    0.0167  0.007257   0.05188       116       640     0.755    0.7023    0.7808    0.6252   0.03298   0.01686   0.02203
   103/499     2.94G    0.0274   0.01665  0.007027   0.05108       139       640    0.7634    0.7521    0.7904    0.6306   0.03473    0.0171   0.02175
   104/499     2.94G   0.02758   0.01643  0.006939   0.05095       122       640    0.7105    0.7185    0.7552    0.6002   0.03391   0.01795   0.02109
   105/499     2.94G   0.02735   0.01684  0.007099    0.0513       116       640    0.7559    0.7211    0.7768    0.6058   0.03314   0.01801      0.02
   106/499     2.94G   0.02727   0.01711  0.007021    0.0514       101       640    0.7319    0.7229    0.7757    0.6202   0.03364   0.01739    0.0192
   107/499     2.94G   0.02748   0.01664  0.007228   0.05135        70       640    0.7479     0.729    0.7843     0.631   0.03401   0.01709   0.02014
   108/499     2.94G   0.02777   0.01654  0.007289    0.0516       149       640    0.7898    0.7277    0.8031    0.6449   0.03258   0.01645   0.02131
   109/499     2.94G    0.0273   0.01684  0.007067   0.05121       159       640    0.7327    0.7258    0.7546    0.6048    0.0321   0.01695   0.02093
   110/499     2.94G   0.02709   0.01652  0.006686   0.05029       118       640    0.7255    0.7524    0.7682    0.6128   0.03281   0.01639   0.02097
   111/499     2.94G   0.02689   0.01732  0.006888    0.0511       181       640    0.7547    0.7458    0.7733    0.6046   0.03463   0.01729   0.01971
   112/499     2.94G   0.02708   0.01641  0.006966   0.05045       103       640    0.7276    0.7596     0.763    0.6072   0.03224    0.0169   0.01912
   113/499     2.94G   0.02719   0.01693   0.00693   0.05105       160       640    0.7374    0.7468    0.7775    0.6225   0.03156   0.01751   0.01953
   114/499     2.94G   0.02712   0.01706  0.006729   0.05091       138       640    0.7317    0.7554    0.7732      0.61   0.03242   0.01739   0.01857
   115/499     2.94G   0.02661   0.01647  0.006667   0.04975       151       640    0.7558     0.724    0.7675      0.61   0.03205   0.01751   0.01824
   116/499     2.94G   0.02676   0.01639  0.006634   0.04979        94       640    0.7443    0.7358    0.7748    0.6183   0.03193   0.01747   0.01973
   117/499     2.94G   0.02651   0.01694  0.006702   0.05015       139       640    0.7438    0.7129     0.768    0.6189   0.03165   0.01806    0.0206
   118/499     2.94G   0.02678   0.01671  0.006549   0.05004       127       640    0.7342    0.7359    0.7813    0.6208   0.03212   0.01742   0.01951
   119/499     2.94G   0.02719   0.01607  0.006789   0.05005       101       640    0.7632    0.7278     0.784    0.6113   0.03168   0.01724   0.01886
   120/499     2.94G   0.02654   0.01696  0.006747   0.05024       126       640    0.7345    0.7875    0.8004    0.6334    0.0312   0.01726   0.01939
   121/499     2.94G   0.02655   0.01624  0.006558   0.04935       129       640     0.693    0.7217    0.7412    0.5799    0.0329   0.01805   0.01953
   122/499     2.94G   0.02667   0.01676  0.006672   0.05011        96       640    0.7285    0.7506    0.7794    0.6196   0.02942   0.01762   0.01871
   123/499     2.94G   0.02663   0.01686  0.006514      0.05       142       640    0.7536     0.713    0.7629    0.6083   0.03032   0.01637    0.0197
   124/499     2.94G   0.02607   0.01634  0.006647   0.04905       183       640    0.7674    0.7669    0.8088    0.6551   0.03008   0.01659   0.01856
   125/499     2.94G   0.02622   0.01638  0.006503    0.0491       105       640     0.788    0.7337    0.8034    0.6432   0.03116   0.01706   0.02036
   126/499     2.94G   0.02605   0.01588  0.006587   0.04852       148       640    0.7832    0.7207    0.7825    0.6249   0.03066   0.01703   0.02089
   127/499     2.94G   0.02586    0.0162  0.006401   0.04846        96       640    0.7843    0.7171    0.7987    0.6385   0.02898   0.01746   0.01986
   128/499     2.94G   0.02576   0.01648  0.006152   0.04839       125       640    0.7434     0.733    0.7778    0.6245   0.03039   0.01699   0.02022
   129/499     2.94G   0.02614   0.01609  0.006198   0.04843       130       640    0.7276    0.7985    0.8076    0.6524     0.029   0.01661   0.02251
   130/499     2.94G   0.02568   0.01616  0.005895   0.04773       130       640    0.7461    0.7523    0.7849    0.6371   0.02887   0.01664   0.02132
   131/499     2.94G   0.02552   0.01602  0.006125   0.04767        82       640    0.7594    0.7318    0.8016    0.6476   0.02989   0.01686   0.02393
   132/499     2.94G   0.02553    0.0165  0.006379   0.04841       115       640    0.7727    0.7276    0.7862    0.6262   0.03097   0.01734   0.02553
   133/499     2.94G   0.02609   0.01634  0.006158   0.04859       179       640    0.7821    0.7548    0.7929    0.6433   0.02904   0.01696   0.02134
   134/499     2.94G   0.02591   0.01618  0.006148   0.04824       134       640    0.7654    0.6929    0.7822    0.6347    0.0286   0.01761   0.01941
   135/499     2.94G   0.02619   0.01639  0.006256   0.04884       211       640    0.7078    0.7467    0.7774    0.6138   0.02972   0.01747    0.0192
   136/499     2.94G   0.02601   0.01661  0.006235   0.04885       122       640    0.7718    0.7031    0.7696    0.6209   0.03102   0.01783   0.02035
   137/499     2.94G   0.02576     0.016  0.005814   0.04758       130       640    0.8099    0.7471    0.8278    0.6697   0.02889   0.01695   0.01665
   138/499     2.94G   0.02585   0.01581  0.006252   0.04792       139       640    0.7674    0.7139      0.79    0.6274   0.02935   0.01696   0.01917
   139/499     2.94G   0.02651   0.01614  0.005992   0.04864       105       640    0.7631    0.7304    0.7877    0.6282   0.03046   0.01741   0.02114
   140/499     2.94G   0.02622   0.01631  0.006257   0.04879       182       640     0.789     0.727    0.7979    0.6421   0.02852   0.01707   0.01968
   141/499     2.94G   0.02601    0.0167  0.006175   0.04888        87       640    0.7775    0.7468    0.8004    0.6452   0.02833   0.01724   0.02173
   142/499     2.94G   0.02607   0.01615  0.005997   0.04822       117       640    0.7746     0.703    0.7847    0.6361   0.03026   0.01721   0.02135
   143/499     2.94G    0.0259   0.01657  0.006052   0.04853       155       640    0.7628    0.7402    0.8034    0.6317   0.03032   0.01789   0.01966
   144/499     2.94G    0.0258   0.01605  0.006071   0.04792        83       640    0.7829    0.7449    0.8085     0.656   0.02826    0.0173   0.01905
   145/499     2.94G   0.02561   0.01577   0.00577   0.04715       123       640    0.7827    0.7149    0.7981    0.6437   0.02684   0.01698   0.01981
   146/499     2.94G    0.0255   0.01601  0.005771   0.04728       152       640    0.7422     0.762     0.785    0.6045   0.02989   0.01786   0.01927
   147/499     2.94G    0.0251   0.01586    0.0056   0.04657       136       640    0.7482    0.7789     0.803    0.6332   0.02765   0.01718   0.01999
   148/499     2.94G    0.0255   0.01608  0.006276   0.04785       130       640    0.7639    0.7339    0.7873    0.6313   0.02696   0.01693   0.01911
   149/499     2.94G   0.02521    0.0164  0.005762   0.04738       126       640    0.7763     0.735    0.7926    0.6336    0.0288   0.01743   0.02056
   150/499     2.94G   0.02514   0.01638  0.005908   0.04743        97       640    0.7643    0.7536    0.7901    0.6417   0.02952   0.01748   0.02021
   151/499     2.94G   0.02469   0.01523  0.005652   0.04558       129       640    0.7655    0.7361    0.7785     0.615   0.02977   0.01787   0.02048
   152/499     2.94G   0.02506   0.01559  0.005684   0.04633       131       640    0.7549     0.738    0.7853    0.6365    0.0301   0.01745   0.02164
   153/499     2.94G   0.02513   0.01601  0.005804   0.04695       112       640    0.7851    0.7279    0.7952    0.6491   0.02754   0.01712   0.02062
   154/499     2.94G   0.02534   0.01568  0.005551   0.04657       128       640    0.7828    0.7361    0.8056    0.6549   0.02919   0.01675    0.0226
   155/499     2.94G    0.0251   0.01587  0.005799   0.04677       122       640     0.742      0.75    0.7826    0.6372   0.02885   0.01808   0.02282
   156/499     2.94G   0.02539   0.01637  0.005664   0.04742       130       640    0.7255    0.7898    0.8058    0.6523   0.02842   0.01752   0.02076
   157/499     2.94G   0.02515   0.01544  0.005418   0.04601       157       640    0.7603    0.7322    0.7797    0.6264   0.02775   0.01756      0.02
   158/499     2.94G   0.02539   0.01599  0.005969   0.04735       138       640    0.7774    0.7086    0.7746    0.6147   0.02913   0.01753   0.02128
   159/499     2.94G   0.02517   0.01583  0.005863   0.04687       102       640    0.7343    0.7625    0.7917    0.6432   0.02829    0.0173   0.01889
   160/499     2.94G   0.02495   0.01598  0.005565    0.0465        99       640    0.7522    0.7159    0.7725    0.6269    0.0281   0.01809   0.01915
   161/499     2.94G   0.02455   0.01621  0.005551   0.04631       140       640    0.7931    0.6926     0.783    0.6367   0.02736   0.01765   0.01991
   162/499     2.94G   0.02526   0.01585  0.005795    0.0469       176       640    0.7209    0.7605    0.7798    0.6168   0.02857   0.01786   0.01888
   163/499     2.94G   0.02472   0.01561  0.005858   0.04618       140       640    0.7379    0.7665    0.7931    0.6364   0.02748   0.01746   0.01854
   164/499     2.94G   0.02461   0.01557  0.005532   0.04571       108       640    0.7458     0.729     0.771    0.6104   0.02901   0.01738   0.02003
   165/499     2.94G   0.02501   0.01556  0.005751   0.04632       160       640    0.7659    0.7399    0.7873    0.6361   0.02779   0.01717    0.0195
   166/499     2.94G     0.025   0.01582  0.005642   0.04646       131       640    0.7864    0.7206    0.7909     0.643    0.0273   0.01742    0.0194
   167/499     2.94G   0.02394   0.01554  0.005287   0.04476        89       640    0.7439    0.7369    0.7707    0.6218   0.02733   0.01726   0.02101
   168/499     2.94G   0.02434   0.01586  0.005457   0.04565       135       640    0.7844    0.7366    0.7928    0.6393   0.02742   0.01674    0.0206
   169/499     2.94G   0.02433   0.01557  0.005299   0.04521       103       640    0.7959    0.6982    0.7896    0.6305   0.02679   0.01703   0.02132
   170/499     2.94G   0.02498   0.01601  0.005675   0.04667       118       640     0.796    0.7221    0.8179    0.6557   0.02829   0.01655   0.01993
   171/499     2.94G   0.02473   0.01589  0.005351   0.04598       124       640    0.7249    0.7727     0.792    0.6393    0.0268   0.01746   0.01971
   172/499     2.94G   0.02497   0.01529  0.005509   0.04577       131       640    0.7475    0.7631    0.8016    0.6508   0.02714   0.01761   0.02071
   173/499     2.94G   0.02504   0.01613  0.005683   0.04685       155       640    0.7582    0.7465    0.8019    0.6539   0.02724   0.01741   0.02197
   174/499     2.94G     0.025   0.01541  0.005887   0.04629       148       640    0.7985    0.6758    0.7973    0.6436   0.02666   0.01716   0.02015
   175/499     2.94G   0.02471   0.01538  0.005478   0.04556       115       640     0.737    0.7664    0.7966    0.6511   0.02719   0.01728   0.02078
   176/499     2.94G   0.02463   0.01572   0.00528   0.04563        89       640    0.7853    0.7233    0.7975    0.6414   0.02678   0.01782   0.01991
   177/499     2.94G   0.02357   0.01545  0.005002   0.04402       129       640    0.7441    0.7463    0.8001     0.652    0.0262   0.01734   0.02054
   178/499     2.94G   0.02418   0.01552  0.005071   0.04477       143       640    0.7552    0.7454    0.7945     0.642   0.02696   0.01752   0.02059
   179/499     2.94G   0.02414   0.01532  0.004921   0.04438        83       640    0.7868    0.7441    0.8113    0.6398   0.02787   0.01802   0.01972
   180/499     2.94G   0.02404   0.01512  0.005154   0.04431       171       640    0.7501    0.7752    0.8077    0.6457   0.02822   0.01709    0.0194
   181/499     2.94G   0.02445   0.01521   0.00507   0.04473       102       640    0.7737    0.7645    0.8179    0.6555   0.02639   0.01736   0.01989
   182/499     2.94G   0.02468   0.01586   0.00549   0.04602       123       640    0.7288    0.7791    0.7959    0.6477   0.02635   0.01744   0.02119
   183/499     2.94G   0.02409   0.01564  0.005126   0.04486       142       640    0.7406    0.7584    0.7961    0.6508   0.02544   0.01714    0.0206
   184/499     2.94G   0.02426   0.01585  0.005155   0.04526       171       640    0.7768    0.7312    0.7958    0.6477   0.02753   0.01744   0.02022
   185/499     2.94G   0.02475   0.01574  0.005213   0.04571       104       640    0.7582     0.787    0.8018    0.6437   0.02591   0.01718   0.01968
   186/499     2.94G   0.02419   0.01531  0.004878   0.04438       164       640    0.7689    0.7247    0.7855    0.6361   0.02848   0.01738   0.01962
   187/499     2.94G    0.0245   0.01495  0.004912   0.04436       115       640    0.7747    0.7272    0.7939    0.6374   0.02775   0.01761    0.0195
   188/499     2.94G   0.02399    0.0154  0.005004    0.0444       105       640    0.8049    0.7312    0.8111    0.6696   0.02465   0.01679   0.01978
   189/499     2.94G   0.02488   0.01585  0.005136   0.04587       125       640    0.8102    0.7279    0.7934    0.6406   0.02508   0.01785   0.02006
   190/499     2.94G   0.02378   0.01532  0.004739   0.04384       112       640    0.7955    0.7436    0.8082    0.6614   0.02514   0.01728   0.02021
   191/499     2.94G   0.02322   0.01497  0.004624   0.04281       126       640     0.744    0.7813    0.8031    0.6557   0.02529   0.01726   0.01937
   192/499     2.94G   0.02371    0.0155  0.004843   0.04405       124       640    0.7757    0.7269    0.7945    0.6497   0.02576   0.01783   0.01864
   193/499     2.94G   0.02384   0.01479  0.004575   0.04321        83       640    0.7846    0.7512     0.813    0.6588    0.0263   0.01814   0.01811
   194/499     2.94G   0.02374   0.01533  0.004626   0.04369       141       640    0.8025    0.7713    0.8239    0.6734   0.02527    0.0178   0.01869
   195/499     2.94G   0.02347   0.01539  0.004804   0.04366        85       640     0.745    0.7798    0.8099    0.6605   0.02476   0.01721   0.01994
   196/499     2.94G   0.02425   0.01656  0.004763   0.04558       195       640    0.7718    0.7438    0.8161    0.6679   0.02476   0.01789   0.01877
   197/499     2.94G   0.02377   0.01553  0.004808   0.04411       165       640    0.7869    0.7471    0.8136    0.6647   0.02531   0.01777   0.01829
   198/499     2.94G   0.02429   0.01522  0.004921   0.04442       123       640    0.7763    0.7427    0.8128    0.6636   0.02379   0.01766   0.01875
   199/499     2.94G   0.02404   0.01569  0.004695   0.04442       135       640    0.7863    0.7518      0.81    0.6513   0.02517   0.01723   0.01821
   200/499     2.94G    0.0238   0.01487  0.004591   0.04326       116       640    0.7451    0.7469    0.7975    0.6461   0.02534   0.01709   0.02061
   201/499     2.94G   0.02403   0.01562  0.004609   0.04426        70       640      0.76    0.7928    0.8165    0.6713   0.02453   0.01762   0.02074
   202/499     2.94G   0.02401   0.01575  0.004632    0.0444       150       640    0.7712    0.7554    0.8073    0.6589     0.025     0.018   0.02041
   203/499     2.94G   0.02374   0.01484  0.004582   0.04316       169       640    0.7634    0.7588    0.8112    0.6601     0.025   0.01779   0.02086
   204/499     2.94G   0.02393   0.01502  0.004456    0.0434       101       640    0.8032    0.7402    0.8052    0.6489   0.02583   0.01762   0.02051
   205/499     2.94G    0.0238   0.01514  0.004374   0.04332       191       640    0.7643    0.7534    0.8063    0.6526   0.02622   0.01761   0.02118
   206/499     2.94G   0.02406   0.01551  0.004561   0.04413       161       640    0.7916    0.7581    0.8245    0.6708   0.02593   0.01727   0.01972
   207/499     2.94G   0.02382   0.01594  0.004591   0.04435       123       640    0.7506    0.7883    0.8227    0.6681   0.02509   0.01752   0.01972
   208/499     2.94G   0.02348   0.01542  0.004452   0.04335       129       640    0.7542    0.7978    0.8322    0.6777   0.02433    0.0173   0.02055
   209/499     2.94G   0.02366   0.01502  0.004429   0.04311       125       640    0.8218    0.7137    0.8194    0.6658   0.02601   0.01794    0.0227
   210/499     2.94G   0.02356   0.01493  0.004262   0.04275        93       640    0.7779    0.7571    0.8204    0.6726   0.02612   0.01758   0.02653
   211/499     2.94G   0.02336   0.01492   0.00422    0.0425       115       640    0.7994    0.7259    0.8066    0.6609   0.02526   0.01754   0.02676
   212/499     2.94G   0.02355   0.01497  0.004291   0.04281       143       640    0.7788    0.7567     0.809    0.6567   0.02521   0.01795   0.02763
   213/499     2.94G   0.02386   0.01524  0.004116   0.04322       145       640    0.7742    0.7549      0.81    0.6611   0.02553   0.01758   0.02755
   214/499     2.94G   0.02311   0.01463   0.00445   0.04219       135       640    0.8024    0.7371    0.8141    0.6638   0.02614   0.01761   0.02731
   215/499     2.94G   0.02373   0.01497  0.004528   0.04323       101       640    0.8333    0.7288     0.823    0.6722   0.02562   0.01757   0.02607
   216/499     2.94G   0.02373   0.01513  0.004307   0.04317       111       640    0.7857    0.7722    0.8253    0.6689   0.02584   0.01752   0.02411
   217/499     2.94G   0.02352   0.01538  0.004465   0.04337       145       640    0.7441    0.8009    0.8178    0.6685   0.02673   0.01771   0.02356
   218/499     2.94G    0.0235   0.01532  0.004194   0.04301       119       640    0.7564    0.7823    0.8116    0.6622   0.02687   0.01731    0.0245
   219/499     2.94G    0.0236    0.0149  0.004364   0.04286       142       640    0.7628    0.7811    0.8238     0.675   0.02591   0.01749    0.0244
   220/499     2.94G   0.02296   0.01551  0.003965   0.04243        93       640    0.7659    0.7911    0.8261    0.6734   0.02607   0.01762   0.02199
   221/499     2.94G   0.02328   0.01542  0.003956   0.04266       154       640     0.735    0.7853    0.8109    0.6603    0.0264   0.01806   0.02222
   222/499     2.94G   0.02322   0.01523  0.004105   0.04256       141       640    0.7968    0.7438    0.8205    0.6652   0.02532   0.01822   0.02019
   223/499     2.94G   0.02321   0.01484  0.004112   0.04216        95       640    0.7935     0.762    0.8279    0.6733   0.02576   0.01805   0.02067
   224/499     2.94G   0.02317   0.01486  0.004184   0.04222       116       640    0.7931    0.7658    0.8326    0.6846   0.02481    0.0177   0.02042
   225/499     2.94G   0.02304   0.01494  0.004198   0.04218       112       640    0.7728    0.7924    0.8336    0.6891   0.02511    0.0178    0.0197
   226/499     2.94G   0.02343    0.0146  0.004118   0.04215       129       640    0.8106    0.7524    0.8288     0.684   0.02512   0.01761    0.0201
   227/499     2.94G   0.02302   0.01445  0.004316   0.04178       114       640    0.8144    0.7345    0.8201    0.6697   0.02504   0.01789   0.02026
   228/499     2.94G   0.02312   0.01501  0.004152   0.04228       158       640    0.8004    0.7625    0.8337    0.6794   0.02524   0.01742    0.0199
   229/499     2.94G   0.02293   0.01543  0.004226   0.04259       134       640    0.7916    0.7773    0.8338    0.6797    0.0239   0.01732   0.02098
   230/499     2.94G   0.02292   0.01458  0.003957   0.04145       156       640    0.7885    0.7646    0.8224    0.6726   0.02484   0.01783   0.02125
   231/499     2.94G   0.02327   0.01477   0.00394   0.04197       149       640    0.7915    0.7569    0.8276    0.6774   0.02479   0.01757   0.01945
   232/499     2.94G   0.02294   0.01514  0.004035   0.04211       161       640    0.7643    0.7931    0.8276    0.6755   0.02487   0.01772    0.0194
   233/499     2.94G   0.02258   0.01484  0.004073   0.04149       109       640    0.7713     0.787    0.8282    0.6768   0.02486   0.01754   0.01865
   234/499     2.94G   0.02265   0.01473  0.003995   0.04138       147       640    0.7903    0.7626    0.8239    0.6672   0.02571   0.01778   0.01947
   235/499     2.94G   0.02328    0.0151  0.004076   0.04245       113       640      0.79    0.7669    0.8221    0.6705   0.02388    0.0181   0.02007
   236/499     2.94G   0.02272   0.01491  0.004021   0.04165       163       640    0.8331    0.7492     0.834    0.6829   0.02463   0.01792   0.01952
   237/499     2.94G   0.02322   0.01452    0.0042   0.04194       180       640     0.733    0.8045    0.8149    0.6664   0.02602   0.01836   0.01983
   238/499     2.94G   0.02296   0.01502  0.004159   0.04214       122       640    0.7895    0.7425    0.8167    0.6713   0.02597   0.01825   0.01982
   239/499     2.94G   0.02302    0.0148  0.004136   0.04196       116       640    0.7878    0.7548     0.819    0.6678   0.02517   0.01777   0.02028
   240/499     2.94G   0.02272   0.01431  0.004199   0.04123       123       640     0.716    0.8307    0.8162    0.6665   0.02548   0.01778   0.01995
   241/499     2.94G   0.02297   0.01461  0.004144   0.04172       120       640    0.7568    0.7957     0.827    0.6776   0.02527   0.01767   0.01939
   242/499     2.94G   0.02207   0.01409  0.004072   0.04024        83       640    0.7362    0.8171    0.8336    0.6833   0.02471   0.01788   0.01996
   243/499     2.94G   0.02207   0.01442  0.003709    0.0402       124       640    0.7921    0.7934    0.8381    0.6902    0.0251   0.01793   0.01899
   244/499     2.94G   0.02191   0.01422  0.003962   0.04009       150       640    0.7931    0.7731    0.8326    0.6848   0.02488    0.0178   0.01881
   245/499     2.94G   0.02285   0.01478   0.00402   0.04165       116       640    0.7863    0.7764    0.8243     0.685   0.02492   0.01777   0.01894
   246/499     2.94G     0.023   0.01448  0.003821   0.04131       115       640      0.79    0.7911    0.8374    0.6918   0.02499   0.01784   0.01918
   247/499     2.94G    0.0237   0.01446   0.00426   0.04243       188       640    0.8189    0.7633    0.8388     0.688   0.02481    0.0175   0.01938
   248/499     2.94G   0.02327    0.0149  0.003989   0.04216       108       640    0.7749    0.7951    0.8325     0.683   0.02527   0.01804   0.01874
   249/499     2.94G   0.02253   0.01514  0.003885   0.04156       116       640    0.7679    0.8029    0.8273    0.6821   0.02475   0.01805   0.01782
   250/499     2.94G   0.02241    0.0142  0.004008   0.04062       143       640    0.7677    0.8001    0.8309    0.6876   0.02498   0.01795   0.01839
   251/499     2.94G    0.0228   0.01444  0.003758     0.041       124       640    0.7886    0.7725    0.8307    0.6857   0.02464   0.01801   0.01943
   252/499     2.94G   0.02273    0.0143  0.003949   0.04098       115       640    0.7956    0.7976    0.8336    0.6869   0.02438   0.01803    0.0203
   253/499     2.94G   0.02282   0.01457  0.003985   0.04137       143       640    0.8117    0.7784    0.8315    0.6886   0.02484   0.01782   0.01943
   254/499     2.94G   0.02286    0.0145  0.003944    0.0413       128       640    0.8422    0.7217    0.8192    0.6811   0.02502   0.01769   0.01966
   255/499     2.94G   0.02214   0.01462  0.003847   0.04061       135       640    0.7345    0.8335    0.8232     0.678   0.02476   0.01776    0.0196
   256/499     2.94G   0.02214   0.01389  0.003892   0.03993       116       640     0.819    0.7469     0.818    0.6721   0.02502   0.01773    0.0203
   257/499     2.94G   0.02237   0.01437   0.00376    0.0405       117       640    0.7935    0.7886    0.8259    0.6824   0.02511   0.01773   0.02033
   258/499     2.94G   0.02237   0.01437  0.003904   0.04064        97       640      0.78     0.798    0.8271    0.6782   0.02538   0.01764   0.01995
   259/499     2.94G   0.02241   0.01459  0.003841   0.04084       144       640    0.8017    0.7805    0.8304    0.6811   0.02549    0.0178   0.01898
   260/499     2.94G   0.02215   0.01412  0.003781   0.04005        79       640    0.8185    0.7605    0.8346    0.6904   0.02454   0.01738   0.01944
   261/499     2.94G   0.02291    0.0144  0.003864   0.04117       139       640    0.7635    0.8041    0.8407    0.6947   0.02496   0.01744   0.02065
   262/499     2.94G   0.02232   0.01475  0.004099   0.04117       136       640    0.7876    0.7887    0.8366    0.6982   0.02463   0.01743   0.01865
   263/499     2.94G   0.02212   0.01426   0.00373   0.04011       135       640    0.8301    0.7469    0.8285    0.6874   0.02429   0.01779   0.01855
   264/499     2.94G   0.02222   0.01419  0.004019   0.04043       144       640    0.7538    0.8119    0.8239    0.6756    0.0244   0.01785   0.01904
   265/499     2.94G   0.02213   0.01426  0.003739   0.04012       161       640    0.8339    0.7344    0.8314    0.6857   0.02414   0.01808   0.02179
   266/499     2.94G   0.02243   0.01424  0.003871   0.04054       115       640    0.7733    0.7848    0.8293    0.6843   0.02401   0.01814   0.02381
   267/499     2.94G   0.02236   0.01449  0.003954   0.04081       155       640    0.7656    0.7526    0.8176     0.674   0.02443   0.01822   0.02376
   268/499     2.94G   0.02173   0.01433  0.003722   0.03978       133       640    0.7886    0.7458    0.8091    0.6674   0.02471    0.0186   0.02309
   269/499     2.94G   0.02232   0.01447  0.003767   0.04055        93       640    0.7652    0.7871    0.8175    0.6758   0.02399   0.01837   0.02125
   270/499     2.94G   0.02245   0.01477  0.003796   0.04102       136       640    0.7692    0.7647    0.8175    0.6725   0.02454   0.01818   0.02028
   271/499     2.94G   0.02222   0.01397  0.003923   0.04012       139       640    0.7952    0.7569    0.8284     0.683     0.024   0.01796   0.01946
   272/499     2.94G   0.02181   0.01446  0.003723   0.03999       188       640     0.796    0.7673    0.8324     0.689   0.02403   0.01784   0.01946
   273/499     2.94G   0.02178   0.01419  0.003875   0.03985       105       640    0.8134    0.7503    0.8274    0.6835   0.02424   0.01805   0.01998
   274/499     2.94G   0.02192   0.01408   0.00382   0.03982       139       640    0.8019    0.7448    0.8259    0.6814   0.02426   0.01861   0.02006
   275/499     2.94G   0.02223   0.01408   0.00389    0.0402       139       640     0.785    0.7718    0.8308    0.6901   0.02404   0.01806   0.01959
   276/499     2.94G   0.02168   0.01383  0.003783    0.0393       126       640    0.7975    0.7599    0.8317    0.6924   0.02351   0.01805      0.02
   277/499     2.94G   0.02181   0.01414  0.003797   0.03975       121       640    0.7597     0.788    0.8189    0.6789   0.02425   0.01831   0.02002
   278/499     2.94G   0.02144   0.01387  0.003663   0.03898       137       640     0.753    0.8038    0.8208    0.6758   0.02433   0.01819   0.02074
   279/499     2.94G   0.02174   0.01418  0.003798   0.03972       124       640    0.7593    0.7845    0.8176    0.6699   0.02497   0.01868   0.02121
   280/499     2.94G   0.02237    0.0145   0.00361   0.04048       160       640    0.7786    0.7786    0.8186    0.6668   0.02491   0.01879   0.02052
   281/499     2.94G   0.02135   0.01415  0.003594   0.03909       110       640    0.8081    0.7557    0.8224      0.67   0.02482   0.01876   0.02005
   282/499     2.94G   0.02217    0.0141  0.003613   0.03989        95       640    0.8328    0.7354    0.8312    0.6802    0.0241   0.01833   0.02103
   283/499     2.94G   0.02178   0.01415  0.003758   0.03969        98       640     0.785    0.7952    0.8357    0.6873   0.02389   0.01825   0.02098
   284/499     2.94G   0.02218   0.01425   0.00361   0.04005       149       640    0.7433    0.8029    0.8319    0.6911   0.02318   0.01803   0.02182
   285/499     2.94G   0.02194   0.01436  0.003933   0.04023       150       640    0.7651       0.8    0.8342    0.6901   0.02333   0.01813   0.02178
   286/499     2.94G   0.02196   0.01438  0.003851    0.0402       115       640    0.7954    0.7767    0.8376    0.6934   0.02343   0.01795   0.02061
   287/499     2.94G   0.02199   0.01423  0.004026   0.04025       128       640    0.8094    0.7648    0.8393    0.6913    0.0235   0.01809   0.01949
   288/499     2.94G   0.02255   0.01377   0.00407   0.04039       158       640    0.7971    0.7872     0.837    0.6873   0.02368   0.01814   0.01964
   289/499     2.94G   0.02194   0.01437   0.00359    0.0399       141       640    0.8007    0.7639     0.833    0.6845    0.0235   0.01827   0.02027
   290/499     2.94G   0.02158   0.01353  0.003562   0.03867       126       640    0.7517    0.8078    0.8376    0.6898    0.0236   0.01809   0.02016
   291/499     2.94G   0.02166   0.01407  0.003503   0.03924       141       640    0.7987    0.7741    0.8367    0.6913   0.02395   0.01792   0.02004
   292/499     2.94G    0.0211   0.01383  0.003571    0.0385       119       640    0.8304    0.7584    0.8423    0.6964   0.02403   0.01782    0.0201
   293/499     2.94G   0.02173   0.01372  0.003732   0.03918       136       640     0.828    0.7827    0.8349    0.6872    0.0242   0.01795   0.02052
   294/499     2.94G   0.02133   0.01399  0.003482    0.0388       129       640    0.8067    0.7853    0.8329    0.6788   0.02456   0.01818   0.02051
   295/499     2.94G   0.02155   0.01355   0.00348   0.03858       115       640    0.8178    0.7596    0.8291    0.6794   0.02422    0.0182   0.02093
   296/499     2.94G   0.02128   0.01404  0.003612   0.03893       144       640    0.7866    0.7887    0.8304    0.6852   0.02374   0.01796   0.02087
   297/499     2.94G   0.02179   0.01432    0.0035   0.03962       161       640    0.8172    0.7666    0.8297    0.6859    0.0243    0.0181   0.02136
   298/499     2.94G   0.02196    0.0147  0.003786   0.04045       145       640    0.7782     0.781    0.8239    0.6798   0.02391   0.01817   0.02128
   299/499     2.94G   0.02161   0.01379   0.00364   0.03904       101       640    0.8179    0.7495    0.8287     0.683   0.02362   0.01802   0.02129
   300/499     2.94G   0.02166   0.01459  0.003725   0.03998       238       640    0.7925    0.7573    0.8186    0.6726   0.02381   0.01831   0.02152
   301/499     2.94G   0.02098   0.01378  0.003596   0.03836        99       640    0.8382    0.7238    0.8201    0.6741    0.0238   0.01828   0.02199
   302/499     2.94G   0.02104   0.01326  0.003341   0.03764        87       640    0.7856    0.7665    0.8207    0.6774   0.02348   0.01839   0.02227
   303/499     2.94G   0.02113   0.01381  0.003663   0.03861       100       640     0.814    0.7514    0.8216    0.6771   0.02399    0.0186   0.02246
   304/499     2.94G   0.02157   0.01422  0.003566   0.03935       112       640    0.7698    0.7912    0.8237    0.6788   0.02366   0.01845   0.02215
   305/499     2.94G   0.02147   0.01381  0.003495   0.03877       127       640    0.8291    0.7367    0.8274    0.6807   0.02383   0.01831    0.0214
   306/499     2.94G   0.02117   0.01354  0.003473   0.03819       127       640    0.8207    0.7488    0.8256    0.6808   0.02425   0.01845    0.0212
   307/499     2.94G   0.02146   0.01371  0.003612   0.03878       119       640    0.7832    0.7929    0.8295    0.6826   0.02402   0.01839   0.02181
   308/499     2.94G   0.02147   0.01414  0.003638   0.03924       154       640    0.8049    0.7641    0.8264    0.6845   0.02406   0.01857   0.02179
   309/499     2.94G   0.02141   0.01373  0.003641   0.03878       140       640    0.8221    0.7431    0.8317    0.6852   0.02375    0.0186   0.02075
   310/499     2.94G   0.02142   0.01372  0.003444   0.03858       122       640     0.789     0.776    0.8248    0.6824   0.02358   0.01869   0.02023
   311/499     2.94G   0.02129   0.01348  0.003637    0.0384       114       640    0.8312    0.7438    0.8255    0.6811   0.02337   0.01869   0.01986
   312/499     2.94G   0.02107   0.01418  0.003577   0.03883       103       640    0.8606    0.7245    0.8306     0.684   0.02324   0.01865   0.01953
   313/499     2.94G    0.0212    0.0135  0.003522   0.03822       156       640    0.8505    0.7393    0.8281    0.6795   0.02359   0.01881   0.01951
   314/499     2.94G   0.02078   0.01302  0.003426   0.03722       108       640    0.8305    0.7558    0.8334    0.6832   0.02345    0.0188   0.01933
   315/499     2.94G   0.02147   0.01362  0.003385   0.03848       131       640    0.7865    0.7929    0.8315    0.6812   0.02343   0.01871   0.01953
   316/499     2.94G   0.02137   0.01393  0.003566   0.03887       105       640    0.8145    0.7701    0.8346     0.683   0.02355   0.01862   0.01961
   317/499     2.94G   0.02089   0.01344  0.003519   0.03784       142       640    0.8435    0.7469    0.8319    0.6821   0.02381   0.01867   0.02039
   318/499     2.94G   0.02112   0.01321  0.003458   0.03779       140       640    0.8332    0.7484    0.8317    0.6837   0.02393   0.01867   0.02113
   319/499     2.94G   0.02154   0.01336  0.003664   0.03856       112       640    0.8166    0.7688    0.8368    0.6863   0.02357   0.01873   0.02097
   320/499     2.94G   0.02119   0.01338  0.003605   0.03817       131       640    0.8381    0.7492    0.8377    0.6882    0.0236   0.01877   0.02093
   321/499     2.94G   0.02107   0.01405  0.003473    0.0386       154       640    0.8174    0.7752    0.8418    0.6923    0.0238   0.01877   0.02069
   322/499     2.94G   0.02167   0.01414  0.003508   0.03931       150       640    0.7887     0.799    0.8422    0.6951   0.02374   0.01879   0.02056
   323/499     2.94G   0.02171   0.01364  0.003461   0.03881       109       640    0.8109    0.7759    0.8409    0.6905   0.02393   0.01875    0.0212
   324/499     2.94G   0.02159   0.01349   0.00334   0.03842       135       640    0.8005    0.7915    0.8413    0.6938   0.02377   0.01848   0.02176
   325/499     2.94G   0.02143   0.01321   0.00365   0.03829       124       640    0.7944     0.798    0.8445    0.6968   0.02352   0.01833   0.02203
   326/499     2.94G   0.02074   0.01353  0.003493   0.03776       121       640    0.7919    0.7995    0.8363     0.692   0.02358   0.01843   0.02168
   327/499     2.94G   0.02079    0.0134  0.003688   0.03788       105       640    0.7986    0.7874    0.8334    0.6896   0.02362   0.01859   0.02114
   328/499     2.94G   0.02087   0.01378  0.003522   0.03817       118       640     0.796    0.7762    0.8297    0.6877   0.02424   0.01878   0.02036
   329/499     2.94G   0.02119   0.01364  0.003477    0.0383       121       640    0.7883    0.7855    0.8315    0.6885   0.02429   0.01886   0.01975
   330/499     2.94G   0.02076   0.01346  0.003498   0.03772       122       640    0.7926    0.7809    0.8334    0.6883   0.02425   0.01866    0.0198
   331/499     2.94G   0.02111   0.01308  0.003315    0.0375       131       640    0.7951    0.7796    0.8349    0.6913   0.02424   0.01869   0.01994
   332/499     2.94G    0.0206   0.01304  0.003463    0.0371       119       640    0.8035    0.7625    0.8367    0.6901   0.02428    0.0187    0.0199
   333/499     2.94G    0.0214   0.01308  0.003509   0.03799       172       640    0.8557    0.7192    0.8368    0.6941   0.02391   0.01872   0.01998
   334/499     2.94G   0.02158   0.01407   0.00348   0.03913       148       640    0.8432    0.7367    0.8359     0.689   0.02371   0.01882   0.01978
   335/499     2.94G   0.02107   0.01387   0.00345    0.0384       124       640    0.8517    0.7325     0.842    0.6925   0.02356   0.01876   0.01934
   336/499     2.94G   0.02075   0.01349  0.003168   0.03741       175       640    0.8195    0.7696    0.8461     0.697   0.02358   0.01868   0.01874
   337/499     2.94G   0.02083   0.01342  0.003266   0.03751       141       640    0.8078    0.7731    0.8458    0.6971   0.02339   0.01873   0.01888
   338/499     2.94G   0.02082   0.01318  0.003428   0.03743       132       640    0.8015    0.7911    0.8458    0.6974   0.02312   0.01883    0.0193
   339/499     2.94G   0.02149   0.01299  0.003602   0.03809       141       640     0.794    0.8024    0.8467    0.6999   0.02267    0.0187   0.01947
   340/499     2.94G   0.02127    0.0135  0.003504   0.03827        97       640    0.8116     0.773    0.8464    0.6974   0.02251   0.01864   0.01976
   341/499     2.94G   0.02088   0.01338  0.003455   0.03772       103       640    0.8386    0.7518     0.844     0.695   0.02239    0.0186   0.02034
   342/499     2.94G    0.0211   0.01354  0.003406   0.03805       203       640    0.8153    0.7674     0.839    0.6876   0.02245   0.01853   0.02049
   343/499     2.94G   0.02108   0.01398  0.003535   0.03859       158       640    0.8268    0.7597    0.8374    0.6857   0.02268   0.01861   0.02011
   344/499     2.94G   0.02096   0.01307  0.003254   0.03729       105       640    0.8627    0.7302    0.8362     0.691   0.02285   0.01856   0.02021
   345/499     2.94G   0.02087   0.01377  0.003617   0.03826       107       640    0.8396    0.7449    0.8355    0.6863   0.02306   0.01863   0.02033
   346/499     2.94G    0.0217   0.01331   0.00372   0.03873       144       640     0.823    0.7498    0.8332    0.6851   0.02304   0.01876   0.02072
   347/499     2.94G    0.0207   0.01336  0.003428   0.03749       106       640    0.8388      0.74    0.8338    0.6906   0.02291   0.01878    0.0212
   348/499     2.94G   0.02111   0.01371  0.003299   0.03811       109       640    0.8267    0.7459    0.8327    0.6864   0.02292   0.01881   0.02136
   349/499     2.94G   0.02102   0.01353  0.003287   0.03784       133       640     0.824     0.745    0.8323    0.6872   0.02303   0.01894    0.0214
   350/499     2.94G   0.02059    0.0129  0.003215    0.0367       139       640    0.7918    0.7707    0.8283     0.685   0.02314   0.01897   0.02162
   351/499     2.94G   0.02041   0.01368  0.003339   0.03742       117       640    0.7956    0.7689    0.8263    0.6857   0.02322   0.01905   0.02179
   352/499     2.94G     0.021    0.0131  0.003428   0.03753       151       640    0.7931    0.7799    0.8329    0.6936   0.02304   0.01908   0.02254
   353/499     2.94G   0.02094   0.01307   0.00333   0.03734       114       640    0.8279    0.7528    0.8321    0.6932   0.02344   0.01906   0.02286
   354/499     2.94G   0.02089   0.01339   0.00311   0.03739        67       640    0.8236    0.7556    0.8373    0.6948   0.02364   0.01909   0.02244
   355/499     2.94G   0.02076    0.0132  0.003356   0.03731       125       640    0.8308    0.7507    0.8373    0.6924   0.02366   0.01917   0.02206
   356/499     2.94G    0.0207   0.01342  0.003365   0.03748       134       640    0.8224    0.7654    0.8374    0.6937   0.02376   0.01905   0.02204
   357/499     2.94G   0.02101   0.01344  0.003362   0.03781       135       640     0.804    0.7688    0.8357    0.6891   0.02393   0.01892   0.02212
   358/499     2.94G   0.02099   0.01352  0.003355   0.03786       126       640    0.7889    0.7862    0.8338    0.6865   0.02402   0.01888   0.02205
   359/499     2.94G    0.0207   0.01326  0.003185   0.03714        94       640    0.7929    0.7852    0.8312    0.6817   0.02421   0.01899   0.02221
   360/499     2.94G   0.02107   0.01311  0.003347   0.03753       127       640    0.7947    0.7844    0.8316    0.6835   0.02428   0.01903    0.0226
   361/499     2.94G   0.02058   0.01297  0.003064   0.03662       167       640    0.8009    0.7774     0.831    0.6867   0.02429   0.01911   0.02288
   362/499     2.94G   0.02086   0.01339  0.003511   0.03776       114       640     0.798    0.7833    0.8317    0.6862   0.02432   0.01903   0.02314
   363/499     2.94G   0.02037   0.01328  0.003235   0.03688       127       640    0.8139    0.7654    0.8328    0.6869   0.02426   0.01895   0.02263
   364/499     2.94G   0.02052   0.01301  0.003305   0.03683       136       640    0.8339    0.7466    0.8335    0.6858   0.02427    0.0189   0.02257
   365/499     2.94G   0.02061   0.01281  0.003054   0.03647       115       640    0.8445    0.7386    0.8338    0.6852   0.02428   0.01899   0.02242
   366/499     2.94G   0.02042   0.01279  0.003156   0.03637        99       640    0.8354    0.7459    0.8339    0.6882   0.02425   0.01902   0.02234
   367/499     2.94G   0.02045   0.01304  0.003341   0.03684       131       640    0.8196     0.757    0.8329    0.6868   0.02432   0.01899   0.02244
   368/499     2.94G   0.02042   0.01318  0.003114   0.03671       140       640    0.8138    0.7571    0.8327    0.6885   0.02433    0.0191   0.02255
   369/499     2.94G    0.0201   0.01251  0.003286    0.0359       118       640     0.825    0.7382    0.8286    0.6856   0.02447    0.0192   0.02263
   370/499     2.94G   0.02055     0.013  0.003268   0.03682       146       640     0.789    0.7689    0.8283    0.6862   0.02421   0.01923   0.02276
   371/499     2.94G   0.02049   0.01296  0.003218   0.03667       201       640    0.8274    0.7409    0.8289    0.6864   0.02412   0.01928   0.02242
   372/499     2.94G   0.02092   0.01358  0.003169   0.03768       165       640    0.7815    0.7825    0.8279    0.6868   0.02395   0.01915   0.02226
   373/499     2.94G   0.02026   0.01303  0.003214    0.0365       175       640    0.8095    0.7607    0.8296    0.6892   0.02365   0.01928   0.02181
   374/499     2.94G   0.02059   0.01326  0.003196   0.03705       120       640    0.8032    0.7652    0.8327    0.6904   0.02385   0.01946   0.02172
   375/499     2.94G   0.02079   0.01305  0.003259    0.0371        75       640    0.7955    0.7797    0.8366    0.6902    0.0241   0.01952   0.02201
   376/499     2.94G   0.02082   0.01286   0.00317   0.03684       135       640    0.8066    0.7789    0.8369    0.6905   0.02413    0.0195   0.02188
   377/499     2.94G   0.02027   0.01308  0.003179   0.03654       119       640    0.8323     0.763    0.8372     0.694   0.02386   0.01951   0.02183
   378/499     2.94G   0.01973   0.01251  0.003178   0.03542       153       640     0.829     0.766    0.8377    0.6931    0.0238   0.01946   0.02206
   379/499     2.94G   0.02058   0.01284  0.003111   0.03654       192       640    0.8329    0.7632    0.8374    0.6928   0.02373   0.01939   0.02233
   380/499     2.94G   0.02044    0.0133  0.003208   0.03694       121       640    0.8402    0.7561    0.8368    0.6919   0.02368   0.01934   0.02259
   381/499     2.94G   0.02011    0.0126  0.003097   0.03581       147       640    0.8236    0.7696     0.836    0.6913   0.02386   0.01929   0.02222
   382/499     2.94G   0.01999   0.01263  0.003082   0.03571       169       640    0.8243    0.7603    0.8367    0.6933     0.024   0.01921   0.02181
   383/499     2.94G   0.01982   0.01309  0.003257   0.03616       137       640    0.8295    0.7569    0.8377    0.6934   0.02396   0.01916   0.02178
   384/499     2.94G   0.01987   0.01296  0.003152   0.03599       226       640    0.8298    0.7537    0.8376    0.6942   0.02389   0.01915   0.02156
   385/499     2.94G   0.02062    0.0132   0.00324   0.03706       152       640    0.8288     0.758    0.8376    0.6976   0.02361   0.01922    0.0213
   386/499     2.94G   0.01984   0.01246     0.003    0.0353       179       640    0.8251    0.7593    0.8378    0.6981    0.0235   0.01925   0.02125
   387/499     2.94G   0.02039   0.01306  0.002993   0.03644       155       640    0.8483    0.7422    0.8384    0.6978   0.02353   0.01917   0.02138
   388/499     2.94G   0.02021   0.01299  0.003137   0.03634        99       640    0.8392     0.752    0.8395    0.6962   0.02356   0.01909   0.02131
   389/499     2.94G   0.01995   0.01327  0.003249   0.03647       111       640    0.8573    0.7388    0.8401    0.6974   0.02352   0.01912   0.02107
   390/499     2.94G    0.0203   0.01325  0.003243   0.03679       148       640    0.8239    0.7729    0.8379    0.6967   0.02336   0.01913   0.02112
   391/499     2.94G   0.02018   0.01327   0.00314   0.03659       155       640    0.8263    0.7698    0.8388     0.694   0.02329   0.01919   0.02092
   392/499     2.94G    0.0204   0.01288  0.003024    0.0363        97       640    0.8311      0.77    0.8395    0.6946   0.02319   0.01919   0.02082
   393/499     2.94G   0.01986   0.01259  0.003033   0.03548       149       640    0.8318    0.7666    0.8391    0.6943   0.02311   0.01922   0.02097
   394/499     2.94G   0.02017   0.01304  0.003107   0.03632       152       640    0.8358    0.7622    0.8375    0.6955   0.02314   0.01927   0.02106
   395/499     2.94G   0.02025   0.01315  0.003115   0.03651       121       640     0.823    0.7717    0.8381    0.6921   0.02327   0.01923   0.02115
   396/499     2.94G   0.01993   0.01237  0.003118   0.03541       164       640    0.8311    0.7699    0.8385    0.6928   0.02317    0.0192   0.02148
   397/499     2.94G   0.01984   0.01286  0.003148   0.03584       124       640    0.8069    0.7947     0.835    0.6894   0.02324   0.01929   0.02198
   398/499     2.94G   0.01915   0.01242  0.002895   0.03447       148       640     0.812    0.7961    0.8342    0.6883   0.02318   0.01933   0.02232
   399/499     2.94G   0.01984   0.01251  0.002821   0.03516       138       640    0.8234    0.7848     0.834    0.6891   0.02316   0.01942   0.02238
   400/499     2.94G   0.01976   0.01311  0.003176   0.03605       177       640    0.8206     0.783    0.8355    0.6897   0.02309   0.01948   0.02231
   401/499     2.94G   0.01936    0.0124  0.003213   0.03497        84       640    0.8232    0.7912    0.8349     0.691   0.02292   0.01942    0.0222
   402/499     2.94G    0.0199   0.01307  0.003212   0.03619       132       640    0.8342    0.7863    0.8373    0.6951   0.02284   0.01939   0.02201
   403/499     2.94G   0.01993   0.01247  0.003129   0.03553       141       640    0.8398    0.7776    0.8368    0.6958   0.02287   0.01938   0.02183
   404/499     2.94G   0.01968   0.01278  0.002856   0.03532       116       640    0.8315    0.7825     0.839    0.6954   0.02288   0.01935   0.02144
   405/499     2.94G   0.02005   0.01286  0.003135   0.03605       137       640    0.8376     0.781    0.8375    0.6958   0.02287    0.0194   0.02121
   406/499     2.94G   0.02023   0.01294  0.003344   0.03652       117       640    0.8359    0.7789    0.8395    0.6963   0.02279   0.01942   0.02109
   407/499     2.94G   0.01989   0.01252  0.003219   0.03563       144       640    0.8339    0.7765    0.8397    0.6971   0.02276   0.01943   0.02106
   408/499     2.94G   0.01984   0.01204  0.002915    0.0348       111       640    0.8148    0.7934    0.8397    0.6968   0.02277   0.01941   0.02105
   409/499     2.94G   0.02005   0.01235  0.003192   0.03559       101       640    0.8202    0.7878    0.8399     0.697   0.02285    0.0194   0.02106
   410/499     2.94G   0.02004     0.013   0.00308   0.03612       163       640    0.8145    0.7905    0.8436    0.6982   0.02283   0.01936   0.02135
   411/499     2.94G   0.01943   0.01276  0.002963   0.03515       172       640    0.8485    0.7686    0.8446    0.6982   0.02278   0.01927   0.02161
   412/499     2.94G    0.0196   0.01241  0.003021   0.03502       145       640    0.8378    0.7715    0.8428    0.6964   0.02281    0.0193   0.02167
   413/499     2.94G   0.01983   0.01266  0.002942   0.03543       125       640    0.8298    0.7783     0.843    0.6968   0.02283   0.01932   0.02161
   414/499     2.94G   0.02018   0.01258  0.003042    0.0358       128       640    0.8202    0.7861    0.8433     0.697   0.02287   0.01929   0.02181
   415/499     2.94G   0.01934   0.01244  0.002826    0.0346       112       640    0.8221    0.7809    0.8429    0.6955   0.02286   0.01932   0.02201
   416/499     2.94G   0.01949   0.01207  0.003057   0.03461       192       640    0.8392    0.7655    0.8417    0.6964   0.02296   0.01936   0.02215
   417/499     2.94G   0.02049   0.01289  0.003051   0.03643        78       640    0.8423    0.7555    0.8404    0.6963   0.02297   0.01933   0.02274
   418/499     2.94G   0.02023   0.01268  0.003054   0.03596       144       640    0.8295     0.762    0.8403     0.696   0.02302    0.0193    0.0229
   419/499     2.94G    0.0196    0.0127  0.003071   0.03536       110       640    0.8323    0.7588    0.8422    0.6981   0.02297   0.01931   0.02287
   420/499     2.94G   0.01956   0.01229  0.003059   0.03491       111       640     0.772    0.8168    0.8415    0.6988   0.02292   0.01935   0.02283
   421/499     2.94G   0.01981   0.01283  0.003105   0.03575       135       640    0.8443    0.7461    0.8413    0.6975   0.02286   0.01936   0.02293
   422/499     2.94G   0.01972   0.01321  0.003201   0.03613       129       640    0.8101    0.7749     0.841    0.6981   0.02295   0.01937   0.02293
   423/499     2.94G   0.01955   0.01251  0.003081   0.03514       136       640    0.8136    0.7719    0.8402    0.6971   0.02303   0.01939   0.02309
   424/499     2.94G   0.01982   0.01294  0.002895   0.03566       164       640    0.8079    0.7795    0.8423    0.6992     0.023   0.01939   0.02318
   425/499     2.94G   0.01958   0.01246  0.003069   0.03511       126       640    0.8107    0.7751    0.8428    0.6984   0.02298   0.01935   0.02311
   426/499     2.94G      0.02   0.01306  0.003164   0.03623       168       640    0.8004    0.7849    0.8434    0.6998   0.02308   0.01932   0.02259
   427/499     2.94G   0.01973   0.01236  0.003091   0.03518       166       640    0.8007    0.7878    0.8422    0.7003   0.02316   0.01929   0.02229
   428/499     2.94G    0.0195   0.01237  0.002971   0.03485       143       640    0.8009    0.7904    0.8412     0.701   0.02315    0.0193   0.02204
   429/499     2.94G   0.01934   0.01219  0.002864   0.03439       134       640    0.8056    0.7961    0.8443    0.7013   0.02305   0.01934   0.02197
   430/499     2.94G   0.01948   0.01222  0.002917   0.03462       153       640    0.8156    0.7865    0.8436    0.7006   0.02305   0.01937   0.02179
   431/499     2.94G   0.01998   0.01256  0.002813   0.03535       102       640    0.8192    0.7827    0.8444    0.7021   0.02299   0.01941   0.02176
   432/499     2.94G   0.01934   0.01215  0.003006    0.0345        81       640    0.8124    0.7915    0.8428    0.7014   0.02291   0.01944   0.02172
   433/499     2.94G   0.01943   0.01257  0.002949   0.03495       134       640    0.8203    0.7861    0.8424    0.7014   0.02291   0.01943   0.02158
   434/499     2.94G   0.02004   0.01242  0.003035    0.0355       114       640    0.8206    0.7851     0.843    0.6999   0.02287   0.01944   0.02144
   435/499     2.94G   0.01956   0.01196  0.002957   0.03448       118       640    0.8153    0.7849    0.8441    0.7008   0.02285   0.01948   0.02136
   436/499     2.94G   0.01959    0.0121  0.002802    0.0345       187       640    0.8229    0.7841    0.8413    0.6992   0.02288   0.01953   0.02138
   437/499     2.94G   0.01946   0.01239  0.002756    0.0346       152       640    0.8236    0.7811    0.8408    0.6993   0.02288   0.01958    0.0215
   438/499     2.94G   0.01936   0.01229  0.002756   0.03441       116       640    0.8129    0.7861    0.8435    0.6987   0.02291   0.01962   0.02156
   439/499     2.94G   0.01931   0.01215  0.002872   0.03432       104       640    0.8203    0.7772    0.8415    0.6984   0.02294   0.01963   0.02173
   440/499     2.94G   0.01956   0.01246  0.002905   0.03493       108       640    0.8284    0.7689    0.8417    0.6968     0.023   0.01961   0.02185
   441/499     2.94G   0.01973   0.01238  0.003228   0.03534       126       640     0.824    0.7732    0.8407    0.6971   0.02306   0.01957   0.02196
   442/499     2.94G   0.01936   0.01224  0.003017   0.03461       167       640    0.8251    0.7663      0.84    0.6972   0.02306   0.01953   0.02208
   443/499     2.94G   0.01989   0.01276  0.003116   0.03577       119       640    0.8241    0.7635    0.8395     0.698   0.02301   0.01951   0.02219
   444/499     2.94G   0.02011   0.01255  0.003237    0.0359       165       640     0.813      0.77    0.8395     0.697   0.02302    0.0195   0.02226
   445/499     2.94G   0.01962   0.01263  0.003017   0.03527       134       640    0.8377     0.749    0.8386     0.696   0.02304    0.0195   0.02238
   446/499     2.94G   0.01949   0.01242  0.002864   0.03478       155       640    0.8075    0.7766    0.8373    0.6959   0.02308   0.01951   0.02268
   447/499     2.94G   0.01995   0.01253  0.003004   0.03548       126       640    0.8173    0.7683    0.8371     0.695   0.02317   0.01954   0.02297
   448/499     2.94G   0.01909   0.01255  0.003061    0.0347       137       640    0.8256    0.7588    0.8354    0.6942   0.02326   0.01954   0.02306
   449/499     2.94G   0.01929   0.01243  0.002934   0.03465       156       640    0.8252      0.76    0.8356    0.6949    0.0233   0.01951   0.02308
   450/499     2.94G   0.01932   0.01256  0.002814   0.03469       193       640    0.8196    0.7683    0.8354    0.6951   0.02328   0.01952   0.02313
   451/499     2.94G    0.0199   0.01223  0.002704   0.03484       193       640    0.8203    0.7717     0.836    0.6952    0.0232    0.0195   0.02309
   452/499     2.94G   0.01948   0.01264  0.002913   0.03503        92       640    0.8242    0.7685    0.8364    0.6935   0.02313   0.01951   0.02288
   453/499     2.94G   0.01964   0.01267  0.002894    0.0352       155       640    0.8338    0.7585    0.8355     0.694   0.02307    0.0195   0.02266
   454/499     2.94G   0.01927   0.01229  0.002763   0.03431       128       640    0.8067    0.7817    0.8352    0.6921   0.02304    0.0195   0.02255
   455/499     2.94G   0.01964   0.01235  0.003123   0.03511       198       640    0.8032    0.7832    0.8357     0.693   0.02303   0.01955   0.02248
   456/499     2.94G   0.01921   0.01228  0.002898   0.03439       103       640    0.8037    0.7783    0.8375    0.6919   0.02301   0.01958   0.02245
   457/499     2.94G   0.01959   0.01244  0.002935   0.03496       169       640    0.8059    0.7787     0.838    0.6919   0.02302   0.01957   0.02239
   458/499     2.94G   0.01949   0.01262  0.002823   0.03494       125       640    0.7996    0.7806    0.8375    0.6922   0.02303   0.01957   0.02237
   459/499     2.94G   0.01933   0.01202  0.002666   0.03402       111       640    0.8038    0.7767    0.8371    0.6924   0.02302   0.01955    0.0224
   460/499     2.94G   0.01967   0.01212  0.002858   0.03465       127       640    0.8038    0.7772    0.8364    0.6928   0.02306   0.01957   0.02238
   461/499     2.94G   0.01939   0.01195  0.002773   0.03411       154       640    0.8045      0.78    0.8364    0.6948   0.02305   0.01956    0.0223
   462/499     2.94G   0.01928   0.01188  0.002722   0.03389        81       640    0.8205    0.7621    0.8357    0.6943   0.02304   0.01956   0.02222
   463/499     2.94G   0.01926   0.01238  0.002813   0.03445        90       640    0.8146    0.7736    0.8364    0.6937   0.02304   0.01957    0.0221
   464/499     2.94G   0.01951    0.0124  0.002821   0.03474       139       640    0.8233    0.7675    0.8364    0.6929   0.02302   0.01953   0.02197
   465/499     2.94G    0.0193   0.01235  0.002856   0.03451       123       640     0.822    0.7655    0.8366    0.6935   0.02305   0.01954   0.02175
   466/499     2.94G    0.0191   0.01198  0.002802   0.03388       134       640     0.802    0.7836    0.8378    0.6944   0.02306    0.0195   0.02155
   467/499     2.94G   0.01862   0.01138  0.002652   0.03265       106       640    0.7943    0.7914    0.8377    0.6939   0.02307   0.01945   0.02152
   468/499     2.94G   0.01925   0.01248  0.002819   0.03455       156       640    0.7914    0.7932    0.8376    0.6939   0.02311   0.01946   0.02153
   469/499     2.94G   0.01898   0.01217  0.002878   0.03402       166       640     0.793    0.7898    0.8376    0.6933    0.0231   0.01945   0.02158
   470/499     2.94G   0.01945    0.0122  0.003016   0.03467       149       640    0.7995    0.7851    0.8373    0.6928    0.0231   0.01944   0.02161
   471/499     2.94G   0.01872   0.01223  0.002694   0.03365       130       640    0.8009    0.7836    0.8379    0.6915   0.02313   0.01946   0.02153
   472/499     2.94G   0.01884   0.01198  0.002799   0.03362       131       640    0.8153    0.7672    0.8385    0.6927    0.0231   0.01948   0.02147
   473/499     2.94G   0.01927   0.01212  0.002776   0.03416       108       640    0.8285    0.7546    0.8369    0.6919   0.02307   0.01948   0.02141
   474/499     2.94G   0.01967   0.01215  0.002758   0.03457       133       640    0.7973    0.7833    0.8368    0.6942   0.02304   0.01947   0.02143
   475/499     2.94G    0.0193   0.01217    0.0027   0.03417       125       640    0.8314     0.754    0.8369    0.6954   0.02297   0.01947   0.02147
   476/499     2.94G   0.01965   0.01284  0.002929   0.03543        97       640    0.8308    0.7512    0.8374    0.6945   0.02297   0.01948   0.02158
   477/499     2.94G   0.01911   0.01227  0.002727    0.0341       147       640    0.8304    0.7528    0.8373    0.6957     0.023   0.01949   0.02173
   478/499     2.94G   0.01948   0.01225  0.002848   0.03457       191       640    0.8188    0.7606    0.8371    0.6961   0.02299    0.0195   0.02183
   479/499     2.94G   0.01986    0.0121  0.002847   0.03481       107       640    0.8259    0.7575     0.836    0.6943   0.02301   0.01952   0.02188
   480/499     2.94G   0.01914   0.01222  0.002788   0.03414       145       640    0.8381    0.7461     0.835    0.6936   0.02301   0.01954   0.02193
   481/499     2.94G   0.01918   0.01246  0.002973   0.03461       103       640    0.8223    0.7623    0.8351    0.6943   0.02295   0.01955    0.0219
   482/499     2.94G   0.01933   0.01202  0.002762   0.03411       105       640    0.8288    0.7575    0.8349    0.6929   0.02292   0.01957   0.02189
   483/499     2.94G   0.01902   0.01207  0.002724   0.03381       101       640    0.8268    0.7606    0.8345    0.6924   0.02291   0.01959    0.0219
   484/499     2.94G   0.01965   0.01253  0.002781   0.03496       117       640    0.8249    0.7607    0.8343    0.6929   0.02288   0.01957   0.02199
   485/499     2.94G   0.01896   0.01226  0.002817   0.03404       112       640      0.82    0.7658     0.833    0.6923   0.02283   0.01958   0.02204
   486/499     2.94G   0.01893   0.01195  0.002745   0.03363       140       640    0.8227     0.764    0.8329    0.6928   0.02278   0.01957    0.0221
   487/499     2.94G   0.01896   0.01169  0.002714   0.03337       160       640    0.8184    0.7641    0.8321    0.6917   0.02276   0.01958   0.02208
   488/499     2.94G   0.01927    0.0126  0.002907   0.03477       188       640    0.8158     0.769    0.8324    0.6915   0.02274   0.01958   0.02201
   489/499     2.94G     0.019   0.01165  0.002614   0.03326       131       640     0.814    0.7692    0.8322    0.6918   0.02271   0.01958   0.02205
   490/499     2.94G   0.01935   0.01225  0.002706   0.03431       187       640    0.8076    0.7768    0.8321    0.6923   0.02268   0.01957    0.0221
   491/499     2.94G   0.01895   0.01247  0.002613   0.03403       111       640    0.8117     0.777    0.8322    0.6919   0.02266   0.01955   0.02212
   492/499     2.94G   0.01911   0.01188  0.002982   0.03398       181       640    0.8078    0.7786    0.8306    0.6909   0.02266   0.01953   0.02213
   493/499     2.94G   0.01859   0.01236  0.002724   0.03368       116       640    0.8032    0.7807    0.8309    0.6925   0.02266   0.01952   0.02214
   494/499     2.94G   0.01928   0.01224   0.00283   0.03435        82       640    0.8006    0.7851    0.8329    0.6932   0.02262   0.01949   0.02217
   495/499     2.94G   0.01834   0.01174   0.00262   0.03271       129       640    0.8013     0.785    0.8312    0.6934   0.02264   0.01947    0.0222
   496/499     2.94G   0.01888   0.01176  0.002584   0.03322        93       640    0.8036    0.7838    0.8308    0.6934   0.02265   0.01947   0.02223
   497/499     2.94G   0.01904   0.01168  0.002892   0.03361        92       640    0.7932      0.79    0.8308    0.6928   0.02267   0.01945   0.02221
   498/499     2.94G   0.01909   0.01207  0.002834   0.03399       113       640    0.7964    0.7876    0.8317    0.6932   0.02266   0.01943   0.02221
   499/499     2.94G   0.01888   0.01227  0.002717   0.03386       101       640    0.7968    0.7836    0.8311    0.6929   0.02268   0.01944   0.02225
